580.9348788
462.736876
351.1048096
456.3381536
187.4023036
240.23078
288.6893972
505.2036582
157.9782134
164.5274284
133.1915248
306.2970314
194.8934908
187.3242704
222.3444558
185.9363942
195.6849704
171.5002522
311.8596838
356.2104104
321.3797342
353.7022004
263.1836884
308.872127
328.8542
378.126592
424.5117556
428.3521038
273.004724
299.8202758
205.2440374
246.1278604
253.0839628
173.735346
303.2593104
322.0931806
344.7841204
48.2579604
270.0561838
72.8607136
53.1127402
118.7888256
310.1708224
99.7097082
93.3667238
87.4584958
109.0458232
174.6104326
110.5061588
126.6980478
120.9180172
158.6080528
149.7457108
95.3287014
113.2540422
122.9636018
111.9832158
174.2815784
119.8701428
109.9599264
97.4188764
150.715552
59.6340862
113.9897838
72.9554682
138.481061
133.3197222
200.9689328
105.5064602
149.433578
216.2690138
301.1914306
328.4584602
182.848509
96.872644
84.1030682
124.3124614
296.414684
374.3531294
109.1795944
229.3841652
295.996649
117.9248866
336.0889924
205.11584
91.3490082
63.26263
164.5162808
190.8692072
169.2038466
160.776261
346.9579024
168.3231862
160.413964
229.6294124
259.2876022
140.5266456
191.2593732
185.2229478
316.647578
254.4495438
367.452765
338.7532688
282.8814976
222.4113414
358.6851776
213.2424404
77.224999
147.5775026
162.699222
148.1014398
153.9929464
103.4274328
107.769423
162.336925
332.6499578
287.9648032
269.1922448
175.9592922
268.8968334
149.5394802
246.2449102
174.7999418
215.8621264
284.514621
139.707297
292.0503986
71.3111972
169.4658152
194.2803728
179.4261958
64.711818
230.588106
126.3134556
176.0651944
59.9908094
82.5424042
100.7408612
106.1307258
90.3847408
116.7042244
144.2165012
86.9066896
138.3640112
231.8477848
137.7508932
153.2404834
74.8226912
292.5910572
372.552792
323.7430254
427.2707866
199.9489274
205.3164968
251.8688744
188.9183772
220.8841202
126.9321474
91.0703182
126.1406678
55.236358
64.2157498
289.3694008
103.895632
65.575757
163.4293898
79.4656666
98.9460976
72.6321878
100.6962708
134.1446446
324.6292596
310.1986914
322.7676104
329.0827258
287.9536556
102.3015252
388.8505832
194.6148008
141.0673042
116.5816008
80.680755
107.4461426
176.4219176
152.2260518
133.7712
62.3485268
110.3668138
162.4038106
85.0729094
156.3283686
102.7474292
184.102614
148.9765264
156.6627966
159.5946154
212.1053852
176.1265062
212.8467006
115.767826
